Arabic: 121, 122, 123
Art: 100, 120, 121, 124, 124D, 129, 220, 221, 222, 224, 228D
American Sign Language: 101, 102, 103, 201, 202, 203, 121, 122, 123, 221, 222, 223
Chicano Studies: 105D
Chinese: 101, 102, 103, 121, 122, 123
Communication Studies: 102, 103, 104, 204D, 210, 220, 223, 230, 100, 101, 102, 103, 109, 110, 201, 204, 204D, 205, 207
Drama: 101, 107D, 104, 105, 107D
English: 110, 111, 113, 115, 116, 117, 118, 119, 119D, 120, 120D, 123, 123D, 135D, 171, 172, 173, 174, 175D, 183, 183D, 185, 189, 189D, 203, 203D, 210, 222, 222D, 223, 223D, 224, 225, 229, 232, 233, 234, 240, 246, 247, 245, 251, 252, 253, 254, 263D, 281, 285
Film: 100, 102
French: 101, 102, 103, 121, 122, 123
German: 101, 102, 103, 201, 202, 203, 207, 208, 209, 121, 122, 123, 221, 222, 223
Global Studies: 102, 103, 105D, 185D, 187D, 188D, 281D
History: 100, 101, 102, 103D, 111, 112, 146, 147, 148, 151, 152, 153, 170D, 210, 214, 215D, 217, 232
Humanities: 101, 101, 110D, 125, 150, 150D, 160, 160D, 162, 165, 166D, 170, 175, 178D, 180D, 186, 195, 196, 210, 227, 247, 247D, 248
Italian: 101, 102, 103, 121, 122, 123
Japanese: 101, 102, 103, 201, 202, 203, 207, 208, 209, 121, 122, 123, 221, 222, 223
Journalism: 101, 150
Linguistics: 200
Lushootseed: 101, 102, 103
Media: 100
Music: 100, 109, 105, 110, 110D, 115, 116, 141
Philosophy: 100, 101, 110, 114, 115, 115, 118, 125D, 150, 214, 215, 234, 267
Photography: 230
Russian: 101, 102, 103, 121, 122, 123, 221, 222, 223
Sociology: 170D, 248
Spanish: 101, 102, 103, 201, 202, 203, 207, 208, 209, 121, 122, 123, 221, 222, 223
Speech: 100, 101, 102, 103, 109, 110, 201, 204, 204D, 205, 207
Swahili: 121, 122, 123
Theatre: 101, 107D, 104, 105, 107D
